-0.304866 0.399621 2.765461 1.000000
0.021989 0.376871 2.628291 0.144231
-0.175283 0.428267 2.605968 0.000000
-0.108116 0.238754 2.797449 0.000000
-0.291622 0.028261 2.727798 0.932692
-0.030226 -0.006206 2.629893 1.000000
-0.117052 0.010961 2.796003 0.000000
-0.386136 0.149451 2.757206 1.000000
0.002907 0.401896 2.367010 1.000000
-0.405757 -0.132279 2.725358 1.000000
-0.116480 0.555213 2.159618 1.000000
-0.404365 -0.200525 2.726820 0.812500
-0.161484 0.604662 2.145798 1.000000
-0.317756 -0.550711 2.726868 1.000000
-0.067016 -0.568651 2.702889 1.000000
-0.354426 -0.971415 2.790056 1.000000
-0.059018 -0.994034 2.739150 0.962981
-0.418957 -0.988999 2.635535 0.000000
-0.118858 -1.008518 2.582435 0.000000
-0.158435 0.686240 2.581706 1.000000
-0.259031 0.441401 2.787226 1.000000
0.028594 0.374804 2.597016 0.692308
-0.158083 0.450505 2.606182 0.000000
-0.081640 0.256634 2.789653 0.000000
-0.270567 0.048113 2.754294 0.000000
-0.043314 0.002593 2.594967 1.000000
-0.086144 0.018566 2.777550 0.000000
-0.378873 0.209873 2.754850 1.000000
-0.007111 0.423017 2.341250 1.000000
-0.395340 -0.071308 2.720883 1.000000
-0.096843 0.588119 2.128701 1.000000
-0.408815 -0.137619 2.729988 1.000000
-0.141924 0.636252 2.111025 1.000000
-0.314559 -0.533034 2.736268 1.000000
-0.071575 -0.554341 2.692223 1.000000
-0.351660 -0.955333 2.787422 1.000000
-0.069279 -0.977850 2.746668 1.000000
-0.451023 -0.963042 2.651710 0.000000
-0.166828 -0.995869 2.610618 0.000000
-0.156720 0.687507 2.594577 1.000000
-0.313324 0.377981 2.798909 1.000000
-0.020305 0.404983 2.599620 0.288462
-0.222869 0.431089 2.619890 0.000000
-0.096475 0.242926 2.780235 0.000000
-0.271339 0.031160 2.739979 0.000000
-0.037753 -0.004001 2.587325 1.000000
-0.086574 0.009510 2.768599 0.000000
-0.368414 0.129566 2.745284 1.000000
0.004303 0.443133 2.343574 1.000000
-0.404916 -0.148788 2.738391 1.000000
0.012131 0.613850 2.120738 1.000000
-0.396574 -0.214743 2.722837 0.778846
-0.001414 0.669769 2.083980 1.000000
-0.314167 -0.543447 2.754739 1.000000
-0.082992 -0.566757 2.689865 1.000000
-0.348888 -0.966927 2.797032 1.000000
-0.075841 -0.990135 2.744904 1.000000
-0.445442 -0.972774 2.659216 0.000000
-0.169163 -1.009750 2.606137 0.000000
-0.157794 0.691387 2.601843 0.889423
-0.321189 0.365935 2.795924 1.000000
-0.028348 0.403108 2.597730 0.278846
-0.231711 0.423610 2.617830 0.000000
-0.100813 0.236870 2.776213 0.000000
-0.270972 0.022243 2.736884 0.000000
-0.036370 -0.010581 2.585274 1.000000
-0.085974 0.003846 2.766263 0.000000
-0.363668 0.115319 2.749054 1.000000
0.015143 0.447764 2.346884 1.000000
-0.406602 -0.160395 2.756397 1.000000
0.076362 0.615927 2.132667 1.000000
-0.383357 -0.217528 2.727121 0.526442
0.084722 0.670737 2.092823 1.000000
-0.312792 -0.549929 2.764117 1.000000
-0.088775 -0.575146 2.687955 1.000000
-0.337015 -0.975345 2.791750 1.000000
-0.075901 -0.998262 2.743960 1.000000
-0.434634 -0.978696 2.654602 0.000000
-0.168451 -1.019482 2.604912 0.000000
-0.159465 0.685752 2.610641 1.000000
-0.326282 0.368944 2.802976 1.000000
-0.041583 0.401276 2.594480 0.317308
-0.243204 0.422131 2.620439 0.009615
-0.106443 0.239704 2.778895 0.000000
-0.270185 0.017666 2.739437 0.000000
-0.040916 -0.011967 2.579252 1.000000
-0.084114 0.000533 2.762019 0.000000
-0.367599 0.119765 2.755177 1.000000
0.010300 0.452028 2.347874 1.000000
-0.399941 -0.155749 2.765795 1.000000
0.094009 0.611579 2.136679 1.000000
-0.410823 -0.222863 2.772038 0.358173
0.130248 0.656359 2.100031 1.000000
-0.314076 -0.553437 2.762151 1.000000
-0.088664 -0.577102 2.687630 1.000000
-0.336547 -0.979216 2.785309 1.000000
-0.071437 -0.999763 2.745852 1.000000
-0.439711 -0.981008 2.652252 0.000000
-0.168854 -1.022392 2.610397 0.000000
-0.175454 0.684600 2.606835 1.000000
-0.336823 0.346811 2.804561 1.000000
-0.045602 0.399455 2.606800 0.403846
-0.250028 0.410178 2.627075 0.004808
-0.110632 0.228384 2.783954 0.000000
-0.275136 0.009949 2.730629 0.105769
-0.039526 -0.020258 2.580040 1.000000
-0.090052 -0.006166 2.760801 0.000000
-0.384069 0.097653 2.775996 0.707692
-0.005734 0.447027 2.359262 1.000000
-0.414921 -0.175340 2.797817 1.000000
0.036714 0.612322 2.142862 1.000000
-0.417939 -0.243509 2.800162 0.156250
0.049611 0.663473 2.099516 1.000000
-0.326201 -0.561287 2.738859 1.000000
-0.077319 -0.583308 2.692421 1.000000
-0.347222 -0.985175 2.785828 1.000000
-0.070867 -1.007083 2.744404 1.000000
-0.446392 -0.995293 2.650132 0.000000
-0.162831 -1.025634 2.604587 0.000000
-0.172348 0.675169 2.594218 1.000000
-0.341700 0.352903 2.805162 1.000000
-0.044401 0.399720 2.614100 0.394231
-0.249248 0.416367 2.630591 0.000000
-0.118851 0.227877 2.787306 0.000000
-0.278863 0.008958 2.727317 0.000000
-0.040778 -0.019039 2.580234 1.000000
-0.094008 -0.004292 2.760164 0.000000
-0.382733 0.103837 2.775944 0.523077
-0.014364 0.440594 2.365105 1.000000
-0.442197 -0.163879 2.785808 1.000000
-0.022469 0.614056 2.152620 1.000000
-0.387218 -0.192456 2.814483 0.576923
-0.023297 0.667589 2.110252 1.000000
-0.326228 -0.563284 2.722502 1.000000
-0.068695 -0.581382 2.695627 1.000000
-0.348174 -0.983752 2.793597 1.000000
-0.070060 -1.005695 2.743433 1.000000
-0.445434 -1.001716 2.657332 0.000000
-0.159465 -1.021385 2.601620 0.000000
-0.158460 0.671214 2.581460 1.000000
-0.348768 0.343628 2.790366 1.000000
-0.038390 0.392029 2.619943 0.355769
-0.244739 0.407590 2.622624 0.000000
-0.124633 0.219653 2.787989 0.000000
-0.286735 0.008180 2.722818 0.625000
-0.038861 -0.016287 2.592198 1.000000
-0.104460 -0.003834 2.768174 0.000000
-0.391828 0.094592 2.776273 0.615385
-0.010728 0.428919 2.371054 1.000000
-0.421420 -0.177081 2.782541 1.000000
-0.057589 0.604527 2.166879 1.000000
-0.395457 -0.227608 2.744666 0.391827
-0.075168 0.654275 2.123546 1.000000
-0.317004 -0.566636 2.718306 1.000000
-0.062501 -0.579106 2.699488 1.000000
-0.350223 -0.987354 2.783283 1.000000
-0.071507 -1.004110 2.739737 1.000000
-0.434653 -1.003055 2.638455 0.000000
-0.150124 -1.016496 2.591359 0.000000
-0.161810 0.654129 2.561058 1.000000
-0.342909 0.337073 2.788778 1.000000
-0.038018 0.386247 2.612400 0.451923
-0.242905 0.400386 2.618364 0.000000
-0.117844 0.214916 2.782839 0.000000
-0.279121 -0.000259 2.718235 0.211538
-0.033847 -0.027307 2.583287 1.000000
-0.096094 -0.012756 2.760317 0.000000
-0.391315 0.093345 2.747935 0.830769
-0.003194 0.435516 2.367912 1.000000
-0.411893 -0.177803 2.744687 1.000000
-0.057573 0.606656 2.163683 1.000000
-0.408670 -0.245359 2.754037 0.358173
-0.087613 0.652030 2.122447 1.000000
-0.315359 -0.574397 2.717662 1.000000
-0.065351 -0.589695 2.697739 1.000000
-0.350561 -0.992570 2.796533 1.000000
-0.070332 -1.014968 2.735781 1.000000
-0.438377 -1.012024 2.654196 0.000000
-0.152655 -1.027097 2.589405 0.000000
-0.150604 0.651312 2.563190 1.000000
-0.336709 0.336934 2.789236 1.000000
-0.037487 0.383508 2.605161 0.644231
-0.241311 0.395238 2.614449 0.000000
-0.110088 0.217712 2.782841 0.000000
-0.276051 -0.003151 2.719705 0.086538
-0.033322 -0.029332 2.580069 1.000000
-0.092226 -0.015259 2.758277 0.000000
-0.392472 0.094637 2.754405 0.861538
-0.000483 0.442461 2.363943 1.000000
-0.410206 -0.173609 2.719223 1.000000
-0.022196 0.613099 2.154374 1.000000
-0.416449 -0.238159 2.740576 0.459135
-0.043271 0.659838 2.109286 1.000000
-0.318701 -0.575079 2.723505 1.000000
-0.063209 -0.591844 2.696806 1.000000
-0.351677 -0.994644 2.795662 1.000000
-0.075227 -1.016161 2.743062 0.978606
-0.443113 -1.011598 2.655298 0.000000
-0.159478 -1.029599 2.597903 0.000000
-0.157072 0.656591 2.567011 1.000000