-0.341529 0.338008 2.752480 0.000000
-0.032695 0.356349 2.572342 1.000000
-0.239309 0.375042 2.575759 0.000000
-0.118975 0.211858 2.765449 0.000000
-0.302469 -0.012703 2.718730 0.461538
-0.056305 -0.044351 2.586431 1.000000
-0.119243 -0.016534 2.761619 0.000000
-0.412848 0.086559 2.720798 1.000000
-0.087464 0.279342 2.326604 1.000000
-0.404115 -0.195041 2.682528 1.000000
-0.243279 0.302869 2.089946 1.000000
-0.382102 -0.259647 2.680791 0.290865
-0.284015 0.307075 2.035315 1.000000
-0.323169 -0.590450 2.713360 1.000000
-0.059539 -0.602005 2.701178 1.000000
-0.358770 -1.009251 2.788647 1.000000
-0.067443 -1.028096 2.727896 0.897356
-0.443103 -1.028060 2.644133 0.000000
-0.147863 -1.035867 2.580172 0.000000
-0.180350 0.666975 2.580316 1.000000
-0.343246 0.337098 2.750601 0.000000
-0.035806 0.353325 2.567894 0.788462
-0.242420 0.371742 2.572600 0.000000
-0.120390 0.211497 2.763706 0.000000
-0.309487 -0.019250 2.721289 0.759615
-0.064524 -0.041932 2.584979 1.000000
-0.125631 -0.019417 2.761572 0.000000
-0.415054 0.087031 2.725290 1.000000
-0.089964 0.277021 2.323814 1.000000
-0.413345 -0.193663 2.695343 1.000000
-0.262128 0.302016 2.101500 1.000000
-0.407235 -0.259352 2.677759 0.156250
-0.308563 0.319328 2.054536 1.000000
-0.327971 -0.594428 2.716240 1.000000
-0.064454 -0.602944 2.698701 1.000000
-0.357307 -1.014891 2.784645 1.000000
-0.064628 -1.028882 2.728806 0.931731
-0.444681 -1.032044 2.641740 0.000000
-0.146897 -1.039206 2.582261 0.000000
-0.181021 0.666534 2.581766 1.000000
-0.340520 0.339049 2.758437 0.000000
-0.033865 0.349771 2.574015 0.875000
-0.239767 0.374512 2.580556 0.000000
-0.121633 0.206297 2.767209 0.000000
-0.310323 -0.018528 2.724730 0.336538
-0.067045 -0.043775 2.585879 1.000000
-0.126173 -0.023144 2.763373 0.000000
-0.423723 0.094612 2.739280 1.000000
-0.060848 0.274372 2.327791 0.830769
-0.419882 -0.181376 2.694571 1.000000
-0.191668 0.291873 2.081290 1.000000
-0.410105 -0.247677 2.707616 0.290865
-0.229290 0.305559 2.025983 1.000000
-0.333029 -0.594163 2.724247 1.000000
-0.069763 -0.604349 2.697543 1.000000
-0.357696 -1.015898 2.786377 1.000000
-0.065553 -1.030104 2.729847 0.869231
-0.446967 -1.031581 2.644479 0.000000
-0.149939 -1.041957 2.584628 0.000000
-0.178668 0.661735 2.580099 1.000000
-0.331948 0.338060 2.769028 0.000000
-0.040827 0.340966 2.560691 0.000000
-0.244933 0.370490 2.583482 0.081731
-0.116136 0.200313 2.761084 0.000000
-0.301074 -0.019666 2.731693 0.000000
-0.070288 -0.053283 2.574500 1.000000
-0.114692 -0.029781 2.755889 0.000000
-0.424980 0.099991 2.738104 1.000000
-0.013841 0.257064 2.318782 0.738462
-0.425157 -0.176175 2.705869 1.000000
-0.100758 0.278015 2.055507 1.000000
-0.404450 -0.240788 2.713485 0.391827
-0.129729 0.312261 2.004035 0.408654
-0.335568 -0.596473 2.725905 1.000000
-0.074703 -0.610583 2.699294 1.000000
-0.358839 -1.018110 2.789230 1.000000
-0.067110 -1.036523 2.728398 0.962981
-0.459182 -1.032758 2.654816 0.000000
-0.164446 -1.047615 2.591457 0.000000
-0.182674 0.659716 2.586289 1.000000
-0.356134 0.359095 2.751029 1.000000
-0.043726 0.353741 2.576282 0.000000
-0.249060 0.383515 2.574991 0.000000
-0.140957 0.221913 2.773208 0.000000
-0.314593 -0.015537 2.725115 0.375000
-0.068273 -0.037756 2.591196 1.000000
-0.131275 -0.019400 2.767604 0.000000
-0.420812 0.111281 2.746727 1.000000
-0.017946 0.235300 2.350625 0.323077
-0.425137 -0.162532 2.707634 1.000000
0.053859 0.246372 2.083714 1.000000
-0.412478 -0.229486 2.711940 0.627404
0.071601 0.250571 2.017917 0.000000
-0.337379 -0.589598 2.732219 1.000000
-0.077366 -0.600694 2.698211 1.000000
-0.358035 -1.012546 2.787152 1.000000
-0.068138 -1.026099 2.733912 1.000000
-0.444975 -1.026934 2.643679 0.000000
-0.149381 -1.040181 2.587107 0.000000
-0.187107 0.677709 2.584353 1.000000
-0.356090 0.377814 2.744588 1.000000
-0.020675 0.366840 2.619926 0.951923
-0.220400 0.415792 2.592284 0.000000
-0.157790 0.219164 2.778050 0.000000
-0.329370 0.001693 2.707128 1.000000
-0.064944 -0.021641 2.614195 1.000000
-0.155294 -0.004606 2.778429 0.000000
-0.427728 0.133093 2.758126 1.000000
0.033874 0.278807 2.386521 1.000000
-0.437047 -0.139863 2.720046 1.000000
0.158991 0.263766 2.141243 1.000000
-0.425059 -0.205258 2.735582 0.745192
0.193405 0.282679 2.085390 1.000000
-0.337647 -0.574550 2.733453 1.000000
-0.082438 -0.585516 2.693883 1.000000
-0.350446 -0.998330 2.784207 1.000000
-0.065449 -1.010749 2.728775 1.000000
-0.412208 -1.015116 2.628470 0.000000
-0.121666 -1.025958 2.570792 0.000000
-0.196351 0.678678 2.578840 1.000000
-0.357224 0.381942 2.745276 1.000000
-0.021912 0.371596 2.620285 1.000000
-0.221952 0.419102 2.592400 0.000000
-0.157967 0.224799 2.780133 0.000000
-0.330755 0.010667 2.707131 1.000000
-0.066668 -0.014759 2.613787 1.000000
-0.156638 0.002793 2.778175 0.000000
-0.426518 0.134127 2.761456 1.000000
0.068817 0.283423 2.395630 1.000000
-0.430929 -0.140979 2.718762 1.000000
0.240073 0.258717 2.177486 1.000000
-0.422987 -0.208768 2.716954 0.694712
0.289597 0.254240 2.130700 1.000000
-0.336977 -0.566438 2.736336 1.000000
-0.085619 -0.578064 2.692631 1.000000
-0.357437 -0.989772 2.788283 1.000000
-0.067446 -1.002637 2.734312 1.000000
-0.418124 -1.006008 2.632067 0.000000
-0.123674 -1.020525 2.576614 0.000000
-0.190461 0.682067 2.578968 1.000000
-0.360874 0.379219 2.743039 1.000000
-0.023251 0.372106 2.624194 1.000000
-0.223051 0.418565 2.593015 0.000000
-0.161264 0.223064 2.780241 0.000000
-0.330144 0.010846 2.704734 1.000000
-0.064185 -0.014821 2.616936 1.000000
-0.157581 0.002523 2.779424 0.000000
-0.426993 0.128243 2.755485 1.000000
0.083793 0.279405 2.406332 1.000000
-0.435481 -0.151273 2.732306 1.000000
0.277233 0.253215 2.204755 1.000000
-0.427196 -0.218977 2.735317 0.644231
0.334694 0.260873 2.168683 1.000000
-0.335799 -0.566070 2.738309 1.000000
-0.086013 -0.578277 2.694491 1.000000
-0.359893 -0.989533 2.787576 1.000000
-0.065464 -1.002605 2.737537 1.000000
-0.416653 -1.004662 2.629780 0.000000
-0.118550 -1.021275 2.578845 0.000000
-0.196327 0.683557 2.585284 1.000000
-0.365008 0.376731 2.735891 1.000000
-0.022795 0.373100 2.630814 1.000000
-0.221668 0.417270 2.591459 0.000000
-0.165363 0.222882 2.781549 0.000000
-0.330312 0.011386 2.703223 1.000000
-0.062308 -0.016370 2.622571 1.000000
-0.159811 0.002532 2.782451 0.000000
-0.428740 0.122975 2.751558 1.000000
0.071728 0.277519 2.405805 1.000000
-0.429467 -0.158377 2.720575 1.000000
0.254989 0.249783 2.191877 1.000000
-0.432943 -0.220074 2.749609 0.543269
0.310334 0.245269 2.152151 1.000000
-0.331963 -0.567112 2.736883 1.000000
-0.081239 -0.578604 2.694764 1.000000
-0.361004 -0.991220 2.777112 1.000000
-0.064349 -1.003339 2.735303 1.000000
-0.412284 -1.002881 2.617160 0.000000
-0.112550 -1.020566 2.574897 0.000000
-0.191678 0.680206 2.582479 1.000000
-0.364812 0.376690 2.737702 1.000000
-0.023340 0.370028 2.630387 1.000000
-0.222346 0.414071 2.591563 0.000000
-0.165318 0.223105 2.784879 0.000000
-0.329497 0.011407 2.705147 1.000000
-0.062079 -0.017954 2.623129 1.000000
-0.158604 0.002051 2.783468 0.000000
-0.427893 0.121216 2.743960 1.000000
0.049307 0.281706 2.393307 1.000000
-0.430620 -0.161479 2.714327 1.000000
0.206816 0.255337 2.158153 1.000000
-0.427114 -0.222298 2.745154 0.257212
0.252816 0.261560 2.108084 1.000000
-0.331662 -0.568703 2.726321 1.000000
-0.076357 -0.578613 2.697018 1.000000
-0.353622 -0.991424 2.782479 1.000000
-0.063416 -1.003720 2.735037 1.000000
-0.407400 -1.009688 2.623972 0.000000
-0.112204 -1.019548 2.574664 0.000000
-0.197115 0.680252 2.587134 1.000000
-0.360745 0.378940 2.733022 1.000000
-0.017064 0.367943 2.633389 1.000000
-0.214811 0.412879 2.589488 0.000000
-0.163570 0.224608 2.787023 0.000000
-0.326225 0.009894 2.702991 1.000000
-0.057126 -0.020559 2.627097 1.000000
-0.157131 0.000635 2.785134 0.000000
-0.427706 0.123419 2.738443 1.000000
0.013038 0.284399 2.384555 0.800000
-0.436098 -0.160544 2.711951 1.000000
0.126313 0.256594 2.124165 1.000000
-0.433047 -0.221511 2.742534 0.223558
0.164090 0.247688 2.067994 0.610577
-0.328086 -0.570611 2.725243 1.000000
-0.074965 -0.581214 2.699911 1.000000
-0.354410 -0.991849 2.790008 1.000000
-0.062309 -1.006450 2.736559 1.000000
-0.404679 -1.013196 2.630736 0.000000
-0.107661 -1.021712 2.575127 0.000000
-0.199901 0.680505 2.583744 1.000000
-0.355241 0.371873 2.735303 1.000000
-0.027657 0.359544 2.591425 0.000000
-0.231315 0.393089 2.570249 0.000000
-0.145835 0.230904 2.778769 0.000000
-0.331210 0.003495 2.719170 1.000000
-0.073617 -0.021933 2.609165 1.000000
-0.152806 -0.002728 2.778830 0.000000
-0.420602 0.114857 2.729438 1.000000
-0.026201 0.255267 2.347523 0.800000
-0.432714 -0.169907 2.700749 1.000000
-0.015253 0.280033 2.062345 1.000000
-0.412022 -0.234914 2.703483 0.644231
-0.012566 0.291455 1.995085 0.000000
-0.328382 -0.576665 2.726886 1.000000
-0.069854 -0.580696 2.702840 1.000000
-0.352495 -0.997758 2.793433 1.000000
-0.065754 -1.006587 2.733328 1.000000
-0.422372 -1.017759 2.641554 0.000000
-0.131413 -1.018286 2.578725 0.000000
-0.194133 0.686314 2.583555 1.000000
-0.373790 0.357956 2.763766 1.000000
-0.050986 0.373804 2.609785 0.000000
-0.256412 0.400507 2.598049 0.000000
-0.157611 0.222510 2.786853 0.000000
-0.316832 0.003056 2.722988 0.384615
-0.061888 -0.026879 2.608058 1.000000
-0.137445 -0.006227 2.779203 0.000000
-0.421389 0.100529 2.726025 1.000000
-0.038307 0.197757 2.412795 0.000000
-0.426799 -0.183850 2.699823 1.000000
-0.074986 0.278535 2.141287 1.000000
-0.410319 -0.246592 2.721118 0.560096
-0.083816 0.296829 2.076102 0.000000
-0.327621 -0.576621 2.727511 1.000000
-0.071440 -0.586477 2.703534 1.000000
-0.351441 -0.997927 2.792804 1.000000
-0.065817 -1.012539 2.731255 1.000000
-0.425456 -1.016993 2.642776 0.000000
-0.136089 -1.023397 2.578630 0.000000
-0.196451 0.676735 2.588287 1.000000
-0.377854 0.339610 2.757844 0.000000
-0.059376 0.364102 2.596180 1.000000
-0.266201 0.378016 2.587231 0.000000
-0.153642 0.218730 2.784841 0.000000
-0.321203 -0.005258 2.721942 0.884615
-0.067049 -0.032478 2.604612 1.000000
-0.140997 -0.009227 2.776126 0.000000
-0.426207 0.083353 2.727849 1.000000
-0.079360 0.272520 2.350988 0.815385
-0.422209 -0.198326 2.696226 1.000000
-0.191159 0.264958 2.090599 1.000000
-0.401475 -0.263186 2.691232 0.543269
-0.218604 0.270081 2.028292 0.947115
-0.329537 -0.583950 2.725725 1.000000
-0.068839 -0.591463 2.708505 1.000000
-0.356355 -1.005125 2.790699 1.000000
-0.065735 -1.017664 2.734428 1.000000
-0.431536 -1.023408 2.641155 0.000000
-0.137120 -1.027441 2.582248 0.000000
-0.192624 0.666482 2.581759 1.000000
-0.360385 0.333643 2.761811 0.000000
-0.046623 0.351374 2.590338 1.000000
-0.252936 0.373354 2.588813 0.000000
-0.140263 0.203588 2.777428 0.000000
-0.316813 -0.017338 2.725932 0.384615
-0.067696 -0.046553 2.598696 1.000000
-0.134638 -0.022512 2.772957 0.000000
-0.422766 0.083622 2.728260 1.000000
-0.113718 0.263769 2.355070 1.000000
-0.425602 -0.195930 2.703889 1.000000
-0.276311 0.258446 2.126407 1.000000
-0.401453 -0.259649 2.699607 0.576923
-0.320215 0.253999 2.074308 1.000000
-0.335195 -0.594898 2.728277 1.000000
-0.067998 -0.604781 2.706245 1.000000
-0.356200 -1.016580 2.792094 1.000000
-0.069046 -1.030990 2.732204 1.000000
-0.438663 -1.034522 2.646395 0.000000
-0.146412 -1.039892 2.582922 0.000000
-0.188034 0.658758 2.588045 1.000000
-0.363070 0.330844 2.765471 0.000000
-0.050477 0.340970 2.591267 0.942308
-0.256397 0.366411 2.591097 0.000000
-0.145042 0.197308 2.781085 0.000000
-0.317032 -0.022362 2.728762 0.461538
-0.069425 -0.050990 2.598484 1.000000
-0.134338 -0.028087 2.773663 0.000000
-0.429468 0.082862 2.736799 1.000000
-0.109853 0.260658 2.353043 1.000000
-0.419917 -0.193477 2.699885 1.000000
-0.272622 0.258178 2.126510 1.000000
-0.405317 -0.259601 2.708607 0.610577
-0.319567 0.253819 2.077126 1.000000
-0.333372 -0.600462 2.727216 1.000000
-0.070156 -0.609524 2.707386 1.000000
-0.359192 -1.021353 2.794400 1.000000
-0.066984 -1.035638 2.734701 1.000000
-0.442630 -1.039400 2.649271 0.000000
-0.146580 -1.045720 2.586671 0.000000
-0.188184 0.652918 2.591014 1.000000
-0.359663 0.328176 2.763493 0.000000
-0.044363 0.339008 2.594282 1.000000
-0.250147 0.365355 2.591231 0.000000
-0.142468 0.193504 2.780873 0.000000
-0.317921 -0.026571 2.725005 0.423077
-0.068430 -0.053736 2.598049 1.000000
-0.135788 -0.030743 2.772291 0.000000
-0.428282 0.082238 2.734986 1.000000
-0.084672 0.253021 2.355560 0.907692
-0.417990 -0.192891 2.700679 1.000000
-0.216780 0.248519 2.111621 1.000000
-0.407341 -0.259963 2.693634 0.375000
-0.254797 0.250937 2.054960 1.000000
-0.339449 -0.602440 2.732362 1.000000
-0.072447 -0.613005 2.709449 1.000000
-0.354463 -1.024674 2.794185 1.000000
-0.066441 -1.039640 2.726040 1.000000
-0.438051 -1.042935 2.649169 0.000000
-0.144898 -1.046532 2.577222 0.000000
-0.187393 0.651574 2.595221 1.000000