-0.305789 0.379504 2.593222 1.000000
0.013376 0.382143 2.748836 1.000000
-0.108068 0.442379 2.595083 0.024038
-0.173603 0.210736 2.733423 0.000000
-0.223373 0.009217 2.578458 1.000000
0.032135 0.024376 2.695023 1.000000
-0.147761 0.022219 2.750329 0.000000
-0.352867 0.123170 2.575155 1.000000
0.259557 0.441634 2.684759 1.000000
-0.349585 -0.154153 2.523425 1.000000
0.159306 0.702562 2.722988 1.000000
-0.317060 -0.213001 2.535280 1.000000
0.140111 0.752556 2.765341 0.425481
-0.298359 -0.529392 2.553438 1.000000
-0.029761 -0.558742 2.684838 1.000000
-0.358426 -0.952106 2.547657 1.000000
-0.031461 -0.982356 2.738477 1.000000
-0.304776 -0.957549 2.388151 0.000000
0.036958 -1.001953 2.585883 0.000000
-0.135817 0.643282 2.500530 1.000000
-0.356530 0.367817 2.602606 1.000000
-0.010284 0.383471 2.681754 1.000000
-0.163832 0.425909 2.552173 0.000000
-0.195192 0.215773 2.730921 0.000000
-0.259104 -0.001890 2.579938 1.000000
0.015548 0.014486 2.638248 1.000000
-0.148325 0.018344 2.730752 0.000000
-0.380919 0.109469 2.584963 1.000000
0.164513 0.425353 2.493758 1.000000
-0.354880 -0.162398 2.519346 1.000000
0.122677 0.700430 2.532198 1.000000
-0.330223 -0.225494 2.510831 1.000000
0.095497 0.755814 2.561447 0.795673
-0.311549 -0.544786 2.542134 1.000000
-0.039193 -0.567094 2.667352 1.000000
-0.353844 -0.969685 2.543392 1.000000
-0.036345 -0.989791 2.727751 1.000000
-0.341656 -0.971395 2.375467 0.000000
0.000128 -1.012802 2.564992 0.000000
-0.195827 0.646140 2.478584 1.000000
-0.380987 0.358007 2.629676 1.000000
-0.026618 0.392035 2.591885 0.451923
-0.217891 0.415267 2.514910 0.000000
-0.178466 0.225734 2.713943 0.000000
-0.289116 -0.008372 2.595601 0.221154
-0.009170 -0.001662 2.569402 1.000000
-0.138238 0.018146 2.704956 0.000000
-0.395319 0.102947 2.591228 1.000000
0.015742 0.334096 2.343716 1.000000
-0.369038 -0.169346 2.536469 1.000000
0.024842 0.572871 2.199715 1.000000
-0.360543 -0.231428 2.509354 0.879808
0.027266 0.641072 2.201779 1.000000
-0.326464 -0.554645 2.535295 1.000000
-0.051290 -0.575279 2.659343 1.000000
-0.361991 -0.980013 2.546664 1.000000
-0.043311 -0.996506 2.728864 1.000000
-0.399900 -0.981231 2.382616 0.038462
-0.056979 -1.024086 2.563327 0.000000
-0.243154 0.643291 2.448060 1.000000
-0.395855 0.342730 2.652032 1.000000
-0.066564 0.375096 2.515343 0.000000
-0.272377 0.382307 2.490053 0.000000
-0.170861 0.229419 2.698407 0.000000
-0.301548 -0.005601 2.635514 0.000000
-0.038388 -0.019642 2.537273 1.000000
-0.125833 0.006148 2.701937 0.000000
-0.405232 0.090638 2.599794 1.000000
-0.036824 0.256266 2.288710 0.453846
-0.392626 -0.182357 2.547697 1.000000
-0.092329 0.271921 2.016546 1.000000
-0.363044 -0.239533 2.524950 1.000000
-0.107448 0.279645 1.950415 0.000000
-0.335017 -0.559243 2.533085 1.000000
-0.061378 -0.584707 2.653789 1.000000
-0.366850 -0.985028 2.537875 1.000000
-0.046592 -1.004848 2.728569 0.922356
-0.435657 -0.981612 2.384239 0.000000
-0.104469 -1.034527 2.573264 0.000000
-0.280051 0.634509 2.430128 1.000000
-0.411290 0.324238 2.671291 1.000000
-0.117714 0.362911 2.470091 1.000000
-0.324548 0.358692 2.485983 0.000000
-0.175235 0.225027 2.678157 0.000000
-0.307311 -0.009571 2.637504 0.000000
-0.065636 -0.039743 2.496846 1.000000
-0.122492 -0.000202 2.671860 0.000000
-0.423842 0.073668 2.618928 1.000000
-0.132929 0.190082 2.281455 1.000000
-0.403593 -0.194609 2.553960 1.000000
-0.169042 0.003033 2.080678 1.000000
-0.366232 -0.243336 2.524103 0.963942
-0.180835 -0.044109 2.032717 1.000000
-0.339888 -0.568237 2.533466 1.000000
-0.072058 -0.596155 2.638787 1.000000
-0.364930 -0.994500 2.531927 1.000000
-0.055198 -1.013129 2.729218 0.825481
-0.451575 -0.988889 2.387666 0.000000
-0.139035 -1.047307 2.587255 0.000000
-0.305482 0.617898 2.411290 1.000000
-0.419982 0.297251 2.665818 1.000000
-0.160462 0.340290 2.422998 1.000000
-0.362411 0.326954 2.468704 0.000000
-0.180323 0.209872 2.642563 0.000000
-0.313161 -0.037555 2.628978 1.000000
-0.091662 -0.068435 2.458431 1.000000
-0.125459 -0.028024 2.639126 0.014423
-0.441174 0.045806 2.632416 1.000000
-0.191687 0.111029 2.316914 1.000000
-0.412884 -0.222511 2.579834 1.000000
-0.221861 -0.108195 2.153852 1.000000
-0.376654 -0.275081 2.555639 0.509615
-0.238613 -0.153934 2.106009 1.000000
-0.351211 -0.600883 2.543750 1.000000
-0.092207 -0.620216 2.636140 1.000000
-0.374643 -1.026969 2.528567 1.000000
-0.064308 -1.034133 2.737249 0.881731
-0.479192 -1.016531 2.396996 0.000000
-0.167233 -1.072260 2.609566 0.000000
-0.325614 0.573796 2.348669 1.000000
-0.427537 0.285497 2.645658 1.000000
-0.173146 0.339712 2.399671 1.000000
-0.373730 0.317416 2.447829 0.000000
-0.184499 0.208907 2.619609 0.000000
-0.318014 -0.045575 2.627833 1.000000
-0.094802 -0.080056 2.460235 1.000000
-0.130350 -0.038296 2.640286 0.000000
-0.450712 0.031236 2.643158 1.000000
-0.179741 0.099043 2.314657 1.000000
-0.411780 -0.237383 2.594606 1.000000
-0.230462 -0.116126 2.149859 1.000000
-0.388573 -0.284163 2.550623 0.391827
-0.245219 -0.158387 2.098305 1.000000
-0.353960 -0.612090 2.551541 1.000000
-0.103347 -0.631978 2.634977 1.000000
-0.375558 -1.038222 2.534999 1.000000
-0.068648 -1.045085 2.737287 0.891106
-0.478392 -1.027851 2.402079 0.000000
-0.170326 -1.085334 2.609256 0.000000
-0.336900 0.565745 2.325421 1.000000
-0.435910 0.282383 2.629756 1.000000
-0.175078 0.344450 2.392525 1.000000
-0.376415 0.316072 2.433858 0.000000
-0.189927 0.213183 2.611980 0.000000
-0.332530 -0.046971 2.612876 1.000000
-0.101203 -0.083380 2.457107 1.000000
-0.145735 -0.038690 2.634436 0.000000
-0.460854 0.030155 2.649452 1.000000
-0.182857 0.109849 2.294894 1.000000
-0.435455 -0.239640 2.605429 1.000000
-0.226087 -0.105435 2.130103 1.000000
-0.408810 -0.300959 2.591585 0.223558
-0.242809 -0.147125 2.078684 1.000000
-0.357898 -0.616823 2.550189 1.000000
-0.109890 -0.631985 2.638205 1.000000
-0.375186 -1.043116 2.532731 1.000000
-0.064578 -1.044346 2.739371 0.912981
-0.471095 -1.033573 2.394671 0.000000
-0.160039 -1.087198 2.607459 0.000000
-0.342105 0.565150 2.312355 1.000000
-0.452581 0.281079 2.608591 1.000000
-0.169410 0.337764 2.397013 1.000000
-0.374203 0.312829 2.419120 0.000000
-0.207195 0.207850 2.614515 0.000000
-0.346944 -0.052471 2.602421 1.000000
-0.104724 -0.076673 2.461548 1.000000
-0.162388 -0.038375 2.636574 0.000000
-0.475479 0.026273 2.642459 1.000000
-0.167361 0.111517 2.272892 1.000000
-0.442114 -0.244526 2.585690 1.000000
-0.202436 -0.096503 2.090780 1.000000
-0.431216 -0.311257 2.595165 0.257212
-0.222294 -0.139746 2.041817 1.000000
-0.358823 -0.620978 2.539042 1.000000
-0.104520 -0.626425 2.642567 1.000000
-0.371426 -1.047772 2.534941 1.000000
-0.065124 -1.041763 2.733517 0.919231
-0.459796 -1.043786 2.391676 0.000000
-0.150786 -1.080477 2.593826 0.000000
-0.339137 0.568789 2.310791 1.000000
-0.445466 0.304830 2.604875 1.000000
-0.147935 0.345429 2.409962 1.000000
-0.354928 0.336157 2.420832 0.000000
-0.207169 0.212197 2.620563 0.000000
-0.350295 -0.047620 2.610778 0.115385
-0.105545 -0.064936 2.473304 1.000000
-0.166405 -0.035018 2.648879 0.000000
-0.479937 0.048115 2.627776 1.000000
-0.144747 0.120518 2.279502 1.000000
-0.446560 -0.224102 2.567464 1.000000
-0.182879 -0.086748 2.093920 1.000000
-0.425140 -0.277062 2.530074 0.694712
-0.201846 -0.134842 2.049323 1.000000
-0.358646 -0.614877 2.532075 1.000000
-0.103239 -0.619126 2.640708 1.000000
-0.369127 -1.041748 2.532067 1.000000
-0.063280 -1.035171 2.728111 0.869231
-0.455665 -1.039621 2.387648 0.000000
-0.145870 -1.072891 2.586315 0.000000
-0.315102 0.581663 2.311420 1.000000
-0.440120 0.313710 2.595123 1.000000
-0.128190 0.343645 2.422012 1.000000
-0.335642 0.343129 2.418292 0.000000
-0.207612 0.210792 2.626106 0.000000
-0.355689 -0.044919 2.603651 0.000000
-0.103782 -0.060290 2.479520 1.000000
-0.174194 -0.031608 2.651698 0.000000
-0.473424 0.054222 2.596256 1.000000
-0.105482 0.112594 2.301412 1.000000
-0.456891 -0.225579 2.560759 1.000000
-0.154366 -0.097274 2.118690 1.000000
-0.448307 -0.284666 2.593874 0.375000
-0.178384 -0.147173 2.078754 1.000000
-0.358554 -0.612360 2.527171 1.000000
-0.095180 -0.613106 2.644086 1.000000
-0.371829 -1.039102 2.533850 1.000000
-0.068697 -1.030980 2.727806 0.925481
-0.450523 -1.038984 2.384997 0.000000
-0.142953 -1.065176 2.580610 0.000000
-0.299006 0.592038 2.321074 1.000000
-0.431550 0.322940 2.591349 1.000000
-0.100938 0.346891 2.456123 1.000000
-0.306398 0.358945 2.429822 0.000000
-0.209563 0.204435 2.639205 0.000000
-0.369283 -0.046197 2.597600 0.096154
-0.106893 -0.049933 2.496411 0.625000
-0.193439 -0.027367 2.662021 0.000000
-0.462290 0.061495 2.580800 1.000000
-0.053600 0.104053 2.365582 1.000000
-0.459978 -0.219626 2.537065 1.000000
-0.095679 -0.124509 2.201460 1.000000
-0.419101 -0.272040 2.521465 0.862981
-0.128273 -0.178015 2.174325 1.000000
-0.355502 -0.612517 2.526419 1.000000
-0.088428 -0.604949 2.649804 1.000000
-0.368491 -1.039119 2.539524 1.000000
-0.057181 -1.019934 2.745410 0.875481
-0.434481 -1.041867 2.384643 0.000000
-0.114875 -1.059559 2.592271 0.000000
-0.266846 0.606392 2.348142 1.000000
-0.410540 0.336572 2.590788 1.000000
-0.067883 0.344091 2.487379 1.000000
-0.268947 0.369031 2.442639 0.000000
-0.201148 0.203883 2.655290 0.000000
-0.368123 -0.038893 2.584511 0.278846
-0.099408 -0.047628 2.501944 0.721154
-0.196960 -0.020439 2.660595 0.000000
-0.448589 0.075581 2.572315 1.000000
-0.032380 0.092840 2.413099 1.000000
-0.442114 -0.206860 2.530958 1.000000
-0.046027 -0.156961 2.275481 1.000000
-0.408073 -0.261925 2.509262 0.475962
-0.086564 -0.204598 2.248113 1.000000
-0.350554 -0.607767 2.527013 1.000000
-0.077356 -0.599216 2.650365 1.000000
-0.375013 -1.033900 2.538911 1.000000
-0.070830 -1.018811 2.729275 1.000000
-0.428357 -1.035297 2.379216 0.000000
-0.116075 -1.049465 2.570017 0.000000
-0.234101 0.621217 2.377017 1.000000